Ana | 11 948328733 | 41
Alicia | 11 927563834 | 23
Braian | 11 983624345 | 63
Bianca | 11 968956436 | 43
Cicero | 11 950586545 | 64
Catrina | 11 939435023 | 53
Donald | 11 993264823 | 46
Daniela | 11 967504322 | 23
Elias | 11 986953422 | 97
Elisama | 11 980689784 | 39
Fabricio | 11 998634231 | 62
Fabiola | 11 998655221 | 23
Gabriel | 11 963636456 | 123
Giovanna | 11 986423328 | 43
Helena | 11 985646352 | 12
Igor | 11 985640648 | 21
Isabel | 11 949940989 | 19
Julia | 11 965234523 | 231
João | 11 943523413 | 611
Kauã | 11 903651434 | 17
Ketlyin | 11 995688743 | 22
Luiz | 11 912345678 | 78
Lara | 11 984547876 | 213
Mariana | 11 965244543 | 23
Marcos | 11 936458645 | 25
Nicholas | 11 985463530 | 54
Nerissa | 11 908989563 | 665,69
Otávio | 11 956834567 | 23
Priscila | 11 943654643 | 412
Pablo | 11 956546436 | 321,54
Raul | 11 962459201 | 928
Roberta | 11 985654343 | 122
Sergio | 11 908802342 | 67
Sidnéia | 11 938634684 | 37,98
Tatiely | 11 988452235 | 566,89
Tiana | 11 956833425 | 234,5
Vitória | 11 906543223 | 43,23
Vagner | 11 987654321 | 132,80
Weslley | 11 952842142 | 123
Wanda | 11 987463345 | 542
Yago | 11 902359433 | 523
Alany | 11 985747357 | 198,06
Sandra | 11 968836448 | 978,76
Lorenna | 11 954332652 | 654
Leticia | 11 925346520 | 123
Thomas | 11 965433484 | 477
Diana | 11 988830401 | 536
Gustavo | 11 973624017 | 894
Kelly | 11 987654320 | 345
Porter | 11 980706531 | 470,54
